# Created by Octave 7.1.0, Sat Jul 23 09:43:37 2022 GMT <unknown@DESKTOP-AE0N6IQ>
# name: A
# type: matrix
# rows: 1
# columns: 3
 1 3 5


# name: B
# type: matrix
# rows: 1
# columns: 3
 1 1 1


# name: a
# type: scalar
-1


# name: ans
# type: sq_string
# elements: 1
# length: 22
JOACHIM SETH R.MERCADO


# name: str
# type: string
# elements: 1
# length: 5
Hello


# name: str1
# type: string
# elements: 1
# length: 11
Hello World


# name: x
# type: scalar
1


# name: y
# type: scalar
2


